# id	left	top	right	bottom	texture_id
[SPRITES]
# Curtain
68000	0	0	316	176	80
#Background Black
68001	343	1	663	171	80
#Background color
68002	0	0	300	186	81

#Option
68003	0	0	126	28	82
68004	125	0	251	28	82
68009	22	282	134	306	80

#Number
68005	745	301	787	343	80
68006	791	301	833	343	80
68007	838	301	880	343	80
68008	884	301	926	343	80

# ani_id	sprite1_id	time1	sprite2_id	time2	...
[ANIMATIONS]
18000	68000	100
18001	68001	100
18002	68002	100
18003	68003	100
18004	68004	100
18005	68006	100
18006	68005	100	68006	100	68007	100	68008	100
18007	68009	100
