# id	left	top	right	bottom	texture_id
[SPRITES]
#star
67000	380	349	404	371	70
#mushroom
67001	436	349	460	371	70
#plant
67002	408	349	432	371	70
#star moving
67003	410	372	432	394	70
67004	437	396	459	418	70
67005	437	372	459	396	70
#mushroom moving
67006	466	372	488	394	70
67007	467	396	489	418	70
67008	437	372	459	396	70
#plant moving
67009	497	371	519	393	70
67010	495	395	517	419	70
67011	437	372	459	396	70
#success star
67012	4	350	252	420	70
#success mushroom
67013	4	14	252	84	70
#success plant
67014	256	14	504	84	70
# ani_id	sprite1_id	time1	sprite2_id	time2	...
[ANIMATIONS]
#star
17000	67000	100
#mushroom
17001	67001	100
#plant
17002	67002	100

#MOVING
#star
17003	67003	100	67004	100	67005	100
#mushroom
17004	67006	100	67007	100	67008	100
#plant
17005	67009	100	67010	100	67011	100

#SUCCESS
#star
17006	67012	100
#mushroom
17007	67013	100
#plant
17008	67014	100