# id	left	top	right	bottom	texture_id
[SPRITES]
# fireplant Left
81001	32	144	48	176	18
81002	13	144	29	176	18
# fireplant up left
81003	73	144	89	176	18
81004	53	144	69	176	18

# fireplant Right
82001	133	144	149	176	18
82002	153	144	169	176	18

# fireplant Up right
82003	93	144	109	176	18
82004	113	144	129	176	18

#Fire Green Plant Left
83001	52	3	68	35	19
83002	35	3	51	35	19

#Fire Green Plant Up Left
83003	120	3	136	35	19
83004	103	3	119	35	19

#Fire Green Plant Right
84001	69	3	85	35	19
84002	86	3	102	35	19

#Fire Green Plant Up Right
84003	137	3	153	35	19
84004	154	3	170	35	19




# ani_id	sprite1_id	time1	sprite2_id	time2	...
[ANIMATIONS]
10001	81001	1000	81002	1000
10002	82001	1000	82002	1000
10003	81003	1000	81004	1000
10004	82003	1000	82004	1000

10005	83001	1000	83002	1000
10006	84001	1000	84002	1000
10007	83003	1000	83004	1000
10008	84003	1000	84004	1000