# id	left	top	right	bottom	texture_id
[SPRITES]
#COIN
40001	303	99	313	115	20
40002	322	99	330	115	20
40003	341	99	349	115	20

#Mushroom
62001	300	189	316	205	20

#PBUTTON
63001	156	144	172	160	40
63002	178	144	194	160	40
63003	200	153	216	161	40

#LEAF
64001	126	74	142	88	19
64002	84	74	100	88	19

# ani_id	sprite1_id	time1	sprite2_id	time2	...
[ANIMATIONS]

#COIN
11000	40001	300	40002	300	40003	300

#MUSHROOM
12000	62001	1000

#PBUTTON
13000	63001	50	63002	50
13001	63003	100

#LEAF
14000	64001	100
14001	64002	100