# id	left	top	right	bottom	texture_id
[SPRITES]
# Jump Fly left
75101	58	104	75	132	18
75102	33	104	51	132	18
75103	10	104	26	132	18

#Jump Fly right
75201	84	104	100	132	18
75202	107	104	123	132	18
75203	132	104	148	132	18


# Walking left
76101	34	68	50	95	18
76102	9	68	25	94	18

# Walking right
76201	57	68	73	95	18
76202	82	68	98	94	18

#Shell Down
77201	106	74	124	92	18

#Shell SLip
77301	128	75	146	91	18
77302	151	75	167	91	18
77303	172	75	189	91	18

# ani_id	sprite1_id	time1	sprite2_id	time2	...
[ANIMATIONS]
8000	75101	100	75102	100	75103	100
8001	75201	100	75202	100	75203	100
8002	77201	100
8003	76101	100	76102	100
8004	76201	100	76202	100
8005	77201	100	77301	100	77302	100	77303	100
8006	77303	100	77302	100	77301	100	77201	100