# id	left	top	right	bottom	texture_id
[SPRITES]
# Walking left
71101	26	128	43	155	10
71102	4	128	23	155	10

# Walking right
71201	436	128	451	155	15
71202	458	128	473	155	15

#Shell

72201	49	135	66	152	10
72202	70	138	88	153	10

#shell Moving
72301	128	43	144	58	18
72302	150	43	166	58	18
72303	172	43	188	58	18
72304	106	43	122	58	18
#Return





# ani_id	sprite1_id	time1	sprite2_id	time2	...
[ANIMATIONS]
7000	71101	100	71102	100
7001	71201	100	71202	100
7002	72201	100
7003	72303	100	72302	100	72301	100	72304	100
7004	72201	100	72202	100