# id	left	top	right	bottom	texture_id
[SPRITES]
#####  BIG ###############
#IDLE
11121	246	153	260	181	0
11111	186	153	200	181	0

#WALKING RIGHT
11222	275	153	291	181	0
11223	304	153	322	181	0

#WALKING LEFT
11212	155	153	171	181	0
11213	125	153	141	181	0

#RUNNING RIGHT
11321	334	153	356	181	0
11322	334	153	356	181	0
11323	392	153	414	181	0

#RUNNING LEFT
11311	91	153	113	181	0
11312	65	153	87	181	0
11313	34	153	56	181	0

#JUMP WALK RIGHT
11417	395	274	413	302	0
11413	35	274	53	302	0

#JUMP RUN RIGHT & LEFT
11427	394	194	414	222	0
11423	35	194	53	222	0

#SIT RIGHT & LEFT 
11521	426	238	442	256	0
11511	5	238	21	256	0

#BRACE RIGHT & LEFT 
11621	425	153	441	181	0
11611	5	153	23	181	0

#DIE
13001	215	119	234	137	0

############ SMALL ################
 #IDLE
12121	247	0	261	16	0
12111	187	0	201	16	0

#WALK RIGHT
12222	275	0	293	16	0
12223	306	0	322	16	0

#WALK LEFT
12212	155	0	171	16	0
12213	125	0	141	16	0

#RUN RIGHT
12321	275	0	291	16	0
12322	306	0	322	16	0
12323	335	0	351	16	0

#RUN LEFT
12311	155	0	171	16	0
12312	125	0	141	16	0
12313	95	0	111	16	0

#BRACE RIGHT & LEFT
12511	6	0	20	16	0
12521	426	0	440	16	0

#JUMP WALK RIGHT & LEFT 
12413	35	80	51	96	0
12417	395	80	411	96	0

#JUMP RUN RIGHT & LEFT 
12423	65	40	81	56	0
12427	365	40	381	56	0

# ani_id	sprite1_id	time1	sprite2_id	time2	...
[ANIMATIONS]
400	11121	100
401	11111	100

#WALKING RIGHT & LEFT 
500	11121	100	11222	100	11223	100
501	11111	100	11212	100	11213	100

#RUNNING RIGHT & LEFT
600	11321	50	11322	50	11323	50
601	11311	50	11312	50	11313	50

#JUMP WALK
700	11417	100
701	11413	100

#JUMP RUN
800	11427	100
801	11423	100

#SIT RIGHT & LEFT 
900	11521	100
901	11511	100

#BRACE RIGHT & LEFT 
1000	11621	100
1001	11611	100

#DIE
999	13001	100

################### SMALL #################
1100	12121	100
1102	12111	100


#WALK LEFT & RIGHT 
1200	12121	100	12222	100	12223	100
1201	12111	100	12212	100	12213	100

#RUN LEFT & RIGHT
1300	12321	100	12322	100	12323	100
1301	12311	100	12312	100	12313	100

#BRACE LEFT & RIGHT
1401	12511	100
1400	12521	100

#JUMP WALK
1500	12417	100
1501	12413	100

#JUMP RUN 
1601	12423	100
1600	12427	100