# list of object assets to load in this scene
[ASSETS]
mario.txt
cloud.txt
brick.txt
questionBrick.txt
goomba.txt
koopas.txt
koopasFly.txt
goombaRed.txt
fireplant.txt
pipe.txt
hud.txt
item.txt
#
[MAP]
30	map1.txt	27	176	11	11	0

[OBJECTS]
# type	x	y	extra_settings per object type
# type: 0 = Mario , 1 = Brick, 2 = Goomba, 3 = Koopas, 4 = coin, 6 = item , 8 = KoopasFly, 9 = RedGoomba, 100 = Colorbox, 200 = Qbrick, 
# See OBJECT_TYPE constants in AssetIDs.h

# MARIO
0	2336	300

#item
6	176	336	0	1
6	192	336	1

6	224	288	0	1
6	240	288	0	1

6	416	304	0	1
6	656	368	3
6	704	336	0	1

6	1440	112	1

6	2032	352	2

6	1472	96	0	2
6	1488	96	0	2

6	1536	112	0	2
6	1552	112	0	2
6	1568	112	0	2
6	1584	112	0	2

6	1616	96	0	2
6	1632	96	0	2
6	1648	96	0	2
6	1664	96	0	2
#QuestionBrick
200	176	336	0
200	192	336	0

200	224	288	0
200	240	288	0
200	416	304	0
200	656	368	0

200	704	336	0
200	1440	112	1

200	2032	352	1

# Plant
10	360	330	0
10	1864	337	1
10	1800	350	2


#Brick
1	1952	384
1	1968	384
1	1984	384
1	2000	384
1	2016	384
1	2032	384
1	2048	384

1	1968	368
1	1984	368
1	2000	368
1	2016	368
1	2032	368

1	1984	352
1	2000	352
1	2016	352

1	2096	384
1	2096	368
1	2112	384



# PIPE
300	352	352	16	48	2	11000	12000	13000	14000	0
300	1792	368	16	32	2	11000	12000	13000	14000	0
300	1856	352	16	48	2	11000	12000	13000	14000	0
300	2256	368	16	32	2	11000	12000	13000	14000	0
300	2256	96	16	192	2	11000	12000	13000	14000	1
300	2320	368	16	32	2	11000	12000	13000	14000	0

#Platform

5	0	400	16	16	39	2400	2400	2400
5	624	384	16	32	29	2400	2400	2400

5	1152	400	16	16	22	2400	2400	2400
5	1536	400	16	16	5	2400	2400	2400
5	1664	400	16	16	36	2400	2400	2400
5	2259	400	16	16	35	2400	2400	2400

5	1568	384	16	16	3	2400	2400	2400
5	1584	368	16	16	2	2400	2400	2400
5	1600	352	16	16	1	2400	2400	2400

5	1664	384	16	16	3	2400	2400	2400
5	1664	368	16	16	2	2400	2400	2400
5	1664	352	16	16	1	2400	2400	2400

5	1504	320	16	16	2	2400	2400	2400

5	2256	352	16	16	2	2400	2400	2400
5	2256	288	16	16	2	2400	2400	2400


#5	1952	384	16	16	7	2400	2400	2400
#5	1968	368	16	16	5	2400	2400	2400
#5	1984	352	16	16	4	2400	2400	2400

#5	2096	384	16	16	2	2400	2400	2400
#5	2096	368	16	16	1	2400	2400	2400

#Cloud
5	1408	176	16	16	4	51000	51000	51000
5	1488	160	16	16	13	51000	51000	51000

#COLORBOX

100	240	352	16	48	3
100	272	320	16	80	3
100	400	352	16	48	5
100	464	320	16	80	4
100	512	369	16	32	6
100	512	288	16	112	4

100	1264	368	16	32	7
100	1296	336	16	64	7
100	1328	304	16	96	7
100	1312	128	16	32	4

100	2144	352	16	48	3
100	2176	256	16	144	3

#Portal 
50	2266	148	300	300	2
50	2850	368	0	0	1


#Koopas
3	500	336
3	2096	300
#Koopas Fly
#8	300	370
#Goomba
2	400	368
2	200	368
#RED GOOM
#9	700	336




